1000

232
177
297
9
777
665
168
441
499
215
64
8
245
93
643
367
589
755
423
296
103
397
659
62
537
447
540
190
386
293
152
290
795
92
947
939
749
664
292
943
396
73
267
63
179
968
754
482
135
976
490
32
534
128
537
554
998
662
688
335
927
392
648
21
303
972
167
365
535
807
877
117
241
7
840
275
252
690
502
563
716
949
434
784
974
272
832
300
460
616
173
55
337
113
368
960
492
161
912
136
986
799
651
962
842
895
171
154
924
171
271
982
486
684
331
787
908
595
613
27
54
10
533
976
69
12
863
120
913
627
14
606
463
438
777
573
498
921
21
545
992
597
103
512
866
348
970
423
539
496
399
523
131
106
186
454
986
854
915
343
909
296
981
114
932
766
364
907
30
464
877
461
715
476
145
600
328
218
475
701
704
150
742
240
407
706
355
833
782
908
578
115
411
178
770
603
452
610
882
491
559
625
813
365
455
706
205
80
431
730
947
241
197
385
813
414
603
627
443
433
546
728
496
824
415
377
300
785
992
892
244
456
864
65
511
289
565
401
651
128
628
95
263
324
510
403
695
612
320
300
174
843
64
414
4
258
901
68
996
280
980
404
263
562
248
414
634
653
66
545
960
494
132
258
114
819
257
649
629
765
193
629
495
43
524
502
400
169
636
563
396
135
874
189
143
105
373
725
752
887
551
488
308
244
175
873
457
725
698
430
3
977
457
326
498
760
830
830
722
180
18
697
218
575
953
262
674
258
115
4
233
419
983
352
581
759
369
441
636
77
801
402
509
914
260
665
483
671
800
572
73
497
642
806
669
766
583
631
779
654
752
340
651
622
974
139
884
175
147
460
299
791
219
734
884
136
104
663
97
566
929
73
284
624
436
459
253
213
656
931
684
359
255
187
726
994
639
564
773
772
608
773
908
828
581
686
633
664
304
516
261
214
662
653
810
581
9
721
928
843
971
742
185
182
941
245
54
298
793
801
54
191
764
168
827
670
544
241
208
943
798
943
500
20
810
709
571
170
391
561
303
613
27
241
489
526
991
386
194
762
67
241
648
116
271
588
236
264
245
908
505
373
438
144
399
211
399
506
129
137
617
41
837
71
641
191
205
997
538
115
683
787
616
83
897
861
850
747
240
512
357
866
326
883
734
438
361
415
823
715
476
133
459
677
327
624
345
788
245
200
122
482
119
504
451
336
591
62
926
467
785
485
168
769
883
175
638
6
136
253
596
952
340
833
9
691
300
921
414
923
731
575
814
288
135
104
472
237
309
841
262
19
906
284
774
251
518
665
328
942
908
45
309
415
617
344
616
748
3
233
451
19
408
887
460
705
865
263
75
189
847
148
453
968
354
18
693
488
71
898
238
899
277
347
245
197
7
942
681
886
350
632
641
454
143
59
763
924
542
846
103
474
404
363
906
621
178
788
516
919
796
13
891
158
97
736
923
236
552
887
340
697
694
778
902
673
424
350
874
409
769
317
873
760
71
411
125
606
342
623
549
736
157
182
720
192
164
803
370
600
112
321
433
866
321
875
952
422
912
955
143
170
635
119
189
816
126
70
815
632
151
555
750
206
543
391
183
568
913
839
385
544
460
327
882
444
403
701
293
923
319
925
570
289
489
943
708
162
360
393
364
916
429
8
779
853
720
33
442
391
532
546
293
796
212
182
786
195
691
477
314
454
223
390
834
105
328
70
573
113
324
181
919
659
938
321
755
988
717
802
545
20
349
953
385
558
374
279
744
875
80
113
329
475
142
71
756
53
718
450
905
702
763
109
517
791
277
429
881
84
308
330
187
570
553
341
39
440
599
872
513
690
754
555
720
581
207
38
592
572
550
915
425
241
736
193
144
108
88
130
122
868
85
507
577
282
420
733
953
275
614
439
16
226
914
866
320
768
107
496
952
855
725
502
231
140
844
267
582
498
251
459
262
330
51
702
568
52
290
110
323
413
366
130
274
77
899
566
181
4
905
812
333
145
728
350
733
321
292
51
818
377
784
14
832
9
497
173
149
923
793
247
845
420
125
123
844
571
214
221
504
630
635
163
413
456
810
677
420
427
748
446
509
560
46
269
200
515
634
533
588
416
276
80
261
583
92
858
753
563
148
215
968
943
876
54
448
28
571
574
474
348
615
100
786
240
529
399
597
768
866
844
479
509
756
868
60
686
532
72
790
598
754
922
122
81
805
859
375
924
778
694
442
558
864
225
512
503
817
449
676
501
234
817
982
63
631
32
564
995
486
527
882
296
726
803
515
837
296
325
